0 15 16
0 16 11
0 16 12
0 16 14
0 16 15
0 16 16
0 16 17
0 16 18
0 16 19
0 17 19
1 15 5
1 15 6
1 15 7
1 15 8
1 15 9
1 16 11
1 16 12
1 16 13
1 16 14
1 16 15
1 16 16
1 16 17
1 16 18
1 16 19
1 17 19
2 14 6
2 14 7
2 14 8
2 15 5
2 15 6
2 15 7
2 15 8
2 15 9
2 15 10
2 16 12
2 16 13
2 16 14
2 16 15
2 16 16
2 16 17
2 16 18
2 17 19
3 17 19
4 16 18
4 16 19
4 17 19
5 16 18
5 16 19
5 17 19
6 16 18
6 16 19
6 17 19
7 16 18
7 16 19
7 17 19
8 16 18
8 17 19
9 16 18
9 17 19
10 16 18
10 17 19
11 16 18
11 17 19
12 11 7
12 11 8
12 11 9
12 16 18
13 11 5
13 11 6
13 11 7
13 11 8
13 11 9
13 11 10
13 11 11
13 16 18
14 10 6
14 10 7
14 10 8
14 10 9
14 10 10
14 11 5
14 11 6
14 11 7
14 11 8
14 11 9
14 11 10
14 11 11
14 11 12
15 10 6
15 10 7
15 10 8
15 10 9
15 10 10
15 10 11
15 11 5
15 11 6
15 11 7
15 11 8
15 11 9
15 11 10
15 11 11
15 11 12
16 10 6
16 10 7
16 10 8
16 10 9
16 10 10
16 10 11
16 11 5
16 11 6
16 11 7
16 11 8
16 11 9
16 11 10
16 11 11
16 11 12
16 11 13
17 10 7
17 10 8
17 10 9
17 10 10
17 10 11
17 10 12
17 11 5
17 11 6
17 11 7
17 11 13
17 11 14
18 10 7
18 10 8
18 10 9
18 10 10
18 10 11
18 10 12
18 10 13
18 10 14
18 11 6
18 11 7
18 11 13
18 11 14
18 11 15
19 11 15
20 11 15