2 9 14
2 9 15
2 9 16
2 10 12
2 10 13
2 10 14
2 10 15
2 10 16
2 10 17
2 11 12
2 11 13
2 11 14
3 8 13
3 8 14
3 9 11
3 9 12
3 9 13
3 9 14
3 9 15
3 9 16
3 9 17
3 10 11
3 10 12
3 10 18
3 11 8
3 11 9
3 11 10
3 11 11
3 11 12
4 8 11
4 8 12
4 8 13
4 8 14
4 8 15
4 8 16
4 9 10
4 9 11
4 9 12
4 9 13
4 9 14
4 9 15
4 9 16
4 9 17
4 9 18
4 10 10
4 10 18
4 10 19
4 11 7
4 11 8
4 11 9
4 11 10
4 12 9
4 12 10
5 8 11
5 8 12
5 8 13
5 8 14
5 8 15
5 8 16
5 9 10
5 9 14
5 9 15
5 9 16
5 9 17
5 9 18
5 10 10
5 10 13
5 10 14
5 10 18
5 10 19
5 11 6
5 11 7
5 11 8
5 11 9
5 11 10
5 11 22
5 12 6
5 12 7
5 12 8
5 12 9
6 7 13
6 8 11
6 8 12
6 8 13
6 8 14
6 8 15
6 8 16
6 9 10
6 9 16
6 9 17
6 9 18
6 10 9
6 10 10
6 10 13
6 10 14
6 10 18
6 10 19
6 10 20
6 11 6
6 11 7
6 11 8
6 11 9
6 11 10
6 11 22
6 12 6
6 12 7
6 12 8
6 12 9
7 7 13
7 8 9
7 8 10
7 8 11
7 8 12
7 8 13
7 8 14
7 8 15
7 8 16
7 9 18
7 10 8
7 10 18
7 10 19
7 11 6
7 11 7
7 11 8
7 11 21
7 11 22
7 12 5
7 12 6
7 12 7
7 12 8
8 7 10
8 7 11
8 7 12
8 7 13
8 8 9
8 8 10
8 8 15
8 8 16
8 8 17
8 8 18
8 9 8
8 9 18
8 9 19
8 10 8
8 10 19
8 11 5
8 11 6
8 11 7
8 11 8
8 11 21
8 12 4
8 12 5
8 12 6
8 12 7
8 12 8
9 7 9
9 7 10
9 7 11
9 7 12
9 8 8
9 8 17
9 8 18
9 8 19
9 9 8
9 9 18
9 9 19
9 10 7
9 10 8
9 10 19
9 11 4
9 11 5
9 11 6
9 11 7
9 11 8
9 11 19
9 11 20
9 12 4
9 12 5
9 12 6
9 12 7
9 12 8
9 12 19
9 12 20
10 6 11
10 6 12
10 6 13
10 6 14
10 7 8
10 7 9
10 7 10
10 7 11
10 7 12
10 8 7
10 8 17
10 8 18
10 8 19
10 9 7
10 9 18
10 9 19
10 10 7
10 10 19
10 11 4
10 11 5
10 11 6
10 11 7
10 11 19
10 11 20
10 12 4
10 12 5
10 12 6
10 12 7
10 12 19
10 12 20
10 12 21
10 14 16
10 14 17
10 14 18
10 14 19
11 6 7
11 6 8
11 6 9
11 6 10
11 6 11
11 6 12
11 6 13
11 6 14
11 7 6
11 8 6
11 8 17
11 8 18
11 8 19
11 9 6
11 9 18
11 9 19
11 10 6
11 10 19
11 11 4
11 11 5
11 11 6
11 11 7
11 11 19
11 12 4
11 12 5
11 12 19
11 12 20
11 13 19
12 5 8
12 5 9
12 5 10
12 6 6
12 6 7
12 6 8
12 6 9
12 6 10
12 6 11
12 6 12
12 6 13
12 6 14
12 7 5
12 7 6
12 8 5
12 8 6
12 8 18
12 8 19
12 9 5
12 9 6
12 10 5
12 10 6
12 10 20
12 11 4
12 11 5
12 11 6
12 12 4
12 13 4
13 5 8
13 5 9
13 5 10
13 5 11
13 6 6
13 6 7
13 6 8
13 6 9
13 6 10
13 6 11
13 6 12
13 6 13
13 6 14
13 7 5
13 7 6
13 8 5
13 8 6
13 8 19
13 9 5
13 9 6
13 10 5
13 10 6
13 10 17
13 11 4
13 11 5
13 11 6
13 12 4
13 13 4
14 5 8
14 5 9
14 5 10
14 5 11
14 5 12
14 6 6
14 6 7
14 6 8
14 6 9
14 6 10
14 6 11
14 6 12
14 6 13
14 6 14
14 7 5
14 7 6
14 8 5
14 8 6
14 8 19
14 9 5
14 9 6
14 10 5
14 10 6
14 11 4
14 11 5
14 11 6
14 11 21
14 12 4
14 13 4
15 5 8
15 5 9
15 5 10
15 5 11
15 5 12
15 6 6
15 6 7
15 6 8
15 6 9
15 6 10
15 6 11
15 6 12
15 6 13
15 7 5
15 7 6
15 8 5
15 8 6
15 8 19
15 9 5
15 9 6
15 10 5
15 10 6
15 10 21
15 11 4
15 11 5
15 11 6
15 11 21
16 5 9
16 5 10
16 5 11
16 6 6
16 6 7
16 6 8
16 6 9
16 6 10
16 6 11
16 6 12
16 6 13
16 7 5
16 7 6
16 8 5
16 8 6
16 9 5
16 9 6
16 10 5
16 10 6
16 10 21
16 11 5
16 11 6
16 11 21
16 12 6
16 12 7
16 13 6
16 13 7
17 6 7
17 6 8
17 6 9
17 6 10
17 6 11
17 6 12
17 6 13
17 7 6
17 8 5
17 8 6
17 8 15
17 9 5
17 9 6
17 10 5
17 10 6
17 10 21
17 11 6
17 11 21
17 12 6
17 12 7
17 12 8
17 12 21
17 13 6
17 13 7
17 13 8
17 13 21
18 6 7
18 6 8
18 6 9
18 6 10
18 6 11
18 7 6
18 7 7
18 7 8
18 7 9
18 7 10
18 7 11
18 7 12
18 8 6
18 8 7
18 8 8
18 8 9
18 8 10
18 8 11
18 8 12
18 8 13
18 9 6
18 9 7
18 9 8
18 9 9
18 9 10
18 10 6
18 10 7
18 10 8
18 10 9
18 10 10
18 10 15
18 10 21
18 11 6
18 11 7
18 11 8
18 11 9
18 11 10
18 11 21
18 12 7
18 12 8
18 12 9
18 12 10
18 12 21
18 13 7
18 13 8
18 13 9
18 13 10
18 13 21
18 14 7
18 14 8
18 14 9
18 14 10
19 7 8
19 7 9
19 7 10
19 8 7
19 8 8
19 8 9
19 8 10
19 8 11
19 9 7
19 9 8
19 9 9
19 9 10
19 9 11
19 9 12
19 10 7
19 10 8
19 10 9
19 10 10
19 10 11
19 10 12
19 11 8
19 11 9
19 11 10
19 11 11
19 11 21
19 12 8
19 12 9
19 12 10
19 12 11
19 12 12
19 12 13
19 12 21
19 13 8
19 13 9
19 13 10
19 13 21
19 14 8
19 14 9
19 14 10
20 11 20
20 12 8
20 12 9
20 12 10
20 12 11
20 12 12
20 12 13
20 12 20
20 12 21
20 13 8
20 13 9
20 13 10
20 13 21
20 14 8
20 14 9
20 14 10
21 12 12